Observations for Station 72469 at 12 UTC 15 Feb 2021
DENVER/STAPLETON INT., CO., USA
Latitude: 39.770 Longitude: -104.870
-----------------------------------------------------------------------------
   PRES   HGHT   TEMP   DWPT   RELH   MIXR   DRCT   SPED   THTA   THTE   THTV
    hPa      m      C      C      %   g/kg    deg    m/s      K      K      K 
-----------------------------------------------------------------------------
  834.0   1611  -21.9  -24.3     81   0.64      5    1.5  264.6  266.5  264.7
  700.0   2984  -13.3  -20.3     56   1.09    322    8.8  287.7  291.1  287.9
  666.6   3353  -16.0  -22.4     58   0.95    310   10.8  288.7  291.7  288.9
  649.0   3555  -17.5  -23.5     59   0.89    310   10.8  289.3  292.1  289.4
  640.1   3658  -17.5  -24.3     55   0.84    310   10.8  290.4  293.1  290.5
  627.0   3813  -17.5  -25.5     50   0.77    310   11.1  292.1  294.6  292.3
  589.6   4267  -20.8  -26.7     59   0.73    310   11.8  293.4  295.8  293.6
  545.0   4847  -25.1  -28.3     75   0.68    315   11.8  295.0  297.3  295.1
  542.7   4877  -25.2  -28.3     75   0.68    315   11.8  295.3  297.5  295.4
  517.0   5229  -26.1  -28.6     79   0.70                298.3  300.6  298.4